58901937 1840529 45022137 72434972
60741020 7297506 32513337 71826465
44963280 45930908 25838927 64203205
-6655601 -7072595 28921178 66204154
32432697 2645065 52974388 53113306
17591117 -27558584 75149698 90650719
54908155 18194099 47739766 54805499
29076281 23429195 88813474 64812177
21892808 28426003 36481654 81541833
19786046 39064498 78348059 55801724
-49216378 41422366 59023492 98766297
26999138 -2276390 55726924 55353882
26973786 63568055 54127914 63272801
57609532 75243805 44224642 95680994
-30474913 -5966696 50548228 87842687
-18980297 -63208786 134100760 88113704
21637015 53436366 92515758 86192166
42789060 -23194997 53049741 89385094
83900183 5550108 46829191 95530813
39079498 9176358 20232606 60566519
26177606 37864782 51331343 60504860
73910870 20892348 12422765 91491843
65765730 14720055 60894438 82291628
93938072 24654419 47834599 87469662
33367274 16332825 69394064 56780303
41530817 21352427 41898036 98323637
27328219 19404169 56009368 72958487
84488150 22661457 36613368 76109302
-42248421 15496695 18594834 89553888
16676869 -51584771 32751638 86406031
27749292 -27458930 52555339 78114868
41004073 10658288 53372582 54069680
51223092 2492812 74545495 93627064
63539648 22034121 62511838 74368647
-33624123 -13166442 35930492 92257088
30049070 47225833 -15160214 91582785
37948819 -16015008 50233354 74548877
51050495 23507131 90759100 88653780
16688307 -5115885 79293286 71448771
21856357 20744393 29782929 96885448
31932744 -1760182 91973708 96017956
33671628 41488713 56786689 50550292
50840844 65361400 37724842 77625066
46670798 9270568 52547848 60299387
16970443 7813891 88481200 67989037
17977071 66882565 57285588 60748505
27833419 9857748 91506337 79833302
23725727 -28207866 51579839 73864712
68324366 -113114747 71310099 81293648
54998412 4223990 36219300 65451063
-24529962 58258930 62394841 94287850
88655623 26942882 42377481 76579001
-45207826 18212578 59613399 87461028
30243367 2266438 65908190 64236415
57505385 18660150 45862662 55059297
31562963 14033242 45376233 59860736
79461377 13110375 166944774 75272257
77465438 23710237 55345050 79451573
42159861 17526633 79791953 74776526
63960252 37163831 50805210 70532836
-34256710 1584832 49696618 83221012
78796922 22568527 52371378 78951098
32759018 77989888 45119988 74471920
194693533 40112945 24344624 89276358
26888873 23236291 43995251 70045943
85580683 41344826 44684586 90213366
59759939 14456915 51402445 67056759
42485813 13061598 77054297 76829869
32946939 19191389 34086243 77582113
73633299 12129770 45020022 76874881
29021020 60648306 60197691 68470264
41295429 -12827883 48379615 72854546
58516018 10726562 50757789 68898597
28638919 24656880 43524743 72733539
20162033 31664431 46376732 96056803
-29997978 24083872 73640186 80406676
41529745 8700927 48940665 52120847
68197499 45038750 55431795 87271450
35797164 9824303 16660389 60208436
54323037 -5273274 61870922 91818531
188500094 12819459 59104413 93419780
-1079040 5792424 68978712 65117701
76695354 43339964 43974831 82613172
52219471 16041666 77526074 84055192
23006210 -16675434 68685798 78718739
17658634 -9142992 100512014 97664931
29878506 -3332679 78049019 81611920
45995972 -19561744 46968042 82877096
52425430 -83607647 92988848 89749302
47017243 7118549 67744057 77994050
56884617 10040380 58593798 75789351
4770074 -28987422 58930080 83999855
8018372 -5306729 21328254 57357100
19474056 19857713 60101950 95087724
26258538 -9003056 45630266 51243720
31825622 5889984 56794284 53081350
53275980 2691280 42579654 63515634
39432602 -28079133 55298361 93161497
32491699 9057249 -15276076 89606538
26403448 -1085335 80494087 78334151
46935843 69526945 55254485 90320459
63278351 15790306 55676163 73515551
70815520 42533130 53235460 85187137
73457164 7522596 53252097 89537973
79179250 24183593 13697755 92193849
82135310 19390311 43184333 76280734
26900433 23799337 44061603 54780247
69171904 1391398 56201229 94333313
39189861 -13439118 10734410 92790590
81392243 10973703 53701355 94471295
57099865 -3827465 46747035 78025829
65596232 16450042 57230891 76728370
19635183 -28714891 51787098 70488512
6945552 -10815182 92793145 97515141
20619593 -23817826 44488847 59278292
32832471 24795140 51673109 59637773
8951957 8609301 71587105 54878575
23088783 30716299 77991182 50399278
21897929 27820488 85847046 54168806
23691479 14072909 45319354 87491073
18281079 -42218972 51078192 81929560
-23204570 1833740 5819926 96947977
48607572 -8715457 29427911 78791208
-50710579 21837380 61033009 90758732
66953352 12962931 70508879 94850617
-6548672 37146488 19814242 53529886
18728758 11744684 43848860 80359832
25573811 13346286 79574466 62153271
22793533 10880818 71093004 53357065
46582303 -8521420 26814704 79185001
-391127 -4024189 62430527 67698315
71949613 24789940 50696147 68207151
35115944 -44102470 42371680 91941385
49193597 22013631 83831807 81363059
65090858 8946140 19982423 87058418
41460303 1060627 49862743 60614182
26176545 -2842347 52357734 51727908
47127404 23068379 41609846 80384811
45571107 34195996 54896218 53266328
29740914 -6304169 55111035 61507436
52656377 22465276 70884381 71426797
52562944 -17676759 46164128 86755156
31044973 53680139 86369571 89697828
69933992 -3621931 42697970 86605187
31367132 9313305 66658503 59063631
97046107 26870645 54435807 96955766
54195316 10647927 54588449 68487128
-18862935 -5240290 20390294 85109943
34446146 3947493 75898876 76748817
47868882 37121783 48763852 52357573
76505974 10565236 57541392 93833434
59356626 52677946 39046342 72135954
43272220 14326528 51705034 51002087
42694759 39718377 27854844 53706275
33767434 29706543 49225360 72319834
-4872087 -5598791 36856469 55011405
36137853 52904228 71295820 78941101
36721575 2033669 64021695 69060881
12651004 -5493132 -15263922 89503218
54084664 70036813 42568958 85293439
58902235 -5824865 62543775 97622155
38682708 1862315 70432686 77604488
76381881 19617290 41381552 68497632
36568093 41341097 75119853 71632131
-11467528 10654213 63042012 64707751
-28392992 -12294214 53665801 95205558
68662723 16969427 57762553 79807131
11063208 6785475 50345940 73416025
18518014 19381167 98118269 67606398
60973070 -7149256 43416190 81890028
68459757 560353 59618122 97869176
21751523 -6649766 69730691 68483398
38635513 -10798588 26269767 74060399
63910627 -5851893 47552317 87666301
16254630 -23160568 72598382 82364916
203221466 14790924 45418529 66788805
8027407 24859213 35288187 85158618
30429569 58304149 86767119 94103903
48116783 9181045 53638334 62925444
19590252 -8885765 62254556 61082172
58539251 -5573125 48988392 83452064
3952877 56349105 62294495 63795269
35451560 2478199 61884814 65209569
25844352 45836640 5455101 65373582
51223979 48875443 56432532 75135157
87668416 27242241 59593993 93107750
5865604 28995714 42708892 68239734
25771565 12629388 78748344 62241806
24350638 22000199 84760651 57462370
94472251 12626070 43026922 95224393
44713040 6527820 -1722109 90803361
-25684487 13201079 56628131 69963879
54471951 22188302 31790487 51389394
-14948619 36968174 84873587 85895157
37385750 104313 33974683 54202700
73335437 49487321 50871198 92297054
81560745 17230912 56735233 91416367
69661193 12448878 48741367 76305038
40902715 33559080 22851377 50758082
64366357 53334118 41582970 77886603
73824324 20430527 43854848 67600234
41883500 -1143353 36924273 56998584
25705043 18813982 38664870 76173478
23914454 24659598 51496845 89346950
18247404 58261188 17536477 58119844
69672691 35176822 48965446 72418028
73763183 24331605 41503069 61285932
99969799 22129976 47019902 95211017
71209874 16836524 67924586 92649248
63429195 21409374 68322582 80693687
268113 14072497 76923262 63435010
33251594 15147569 -25914944 94914966
17554772 16769345 61022450 52331896
28261160 -26215534 27972443 77400318
73882974 22448703 57402387 79187945
78029459 24740670 44299699 67939946
35943805 -17211179 73370662 96876969
53365537 12721307 79489320 90485643
-11933696 -5878044 61200491 79864900
47937019 20587375 72815017 70515971
45084280 2045466 76474331 89864494
11103326 45402714 70247481 53651017
22425947 80578802 5264537 96887886
78880204 11951208 54327896 91608192
28892585 -4577569 47842252 51663696
68768098 21360509 43049329 60808210
74817072 21593063 53001688 76576984
66314343 15625243 72765581 93806273
-9889911 20952986 5167992 65166170
90886997 20665095 53841901 94415085
69954021 32416524 38541547 62976705
53876571 -20244594 42199396 86671901
93450774 22673497 51711913 92840472
-30946719 24504677 33862848 53976234
45763491 11993949 49571395 53692577
57970496 17516980 45322204 56127013
61200608 11249137 45647861 65950708
22479776 -38163275 51816118 82810480
61007999 24747138 29114208 58042644
70486419 42128710 43075496 74293724
53190204 13664666 75070627 84947500
79519963 13076450 47359124 84153973
-63249841 18124348 53027213 99005094
70514341 15123490 43344667 69087027
39256391 22837225 81868567 68639104
20945947 45091461 110320256 94960897
40635455 9377451 48584948 50194427
63160558 9691977 60552079 84371952
32310634 23377734 38534334 83558109
31248501 -10367039 50313398 62280598
20076239 6928789 44204919 98874148
28657325 13666303 49824904 72139796
55211248 16903229 58762948 67422367
21881514 51343767 71352147 63180475
34321103 -8619529 43581705 56873659
89430559 33242937 27010479 94810858
-46777959 4701516 43529796 86459050
30059667 -20283801 48270091 68964881
78864244 -1997710 43289432 94503266
57953239 13878496 50046189 64472224
25859655 20320084 94631201 70522455
20034229 9411724 -7613608 69132121
34643264 19957148 74718246 59755868
16467088 24085374 56078447 78926709
23606540 -18752426 38340319 54914593
17275877 20070598 46166035 56450162
27742303 -48826445 36012068 91452626
38740391 -29001764 47382948 85476460
53130252 77225615 44812070 93771062
91797306 22508342 37672845 82512143
40206194 5479082 9949420 75673655
29725191 20502347 96710445 76284615
24649256 -19195617 59938262 74134416
79252637 21435670 44002712 72170961
22315026 15947077 102763321 79482599
66996444 29580332 50899863 66079662
52611659 15751774 51670316 58881507
10856541 -5879073 55968007 51842986
57687644 4483475 59607447 83162897
29467174 58326780 45410795 51807758
20115677 23220027 47236502 52038993
-135611440 14379078 82449436 71960485
-11529740 17240051 15011557 60675555
18977095 -20641428 23016051 67498453
78042030 20176201 32783008 75978771
75704163 31051314 55131095 80489678
-61947330 38850222 43467108 93368736
42426624 23895816 34136213 63903623
59163047 7392962 44497533 66618930
49101573 17948154 50331194 51835902
13570362 -13127049 23651348 57302376
62935759 21148248 41708034 53846966
32730425 -112360560 -12568013 89576651
-10668562 -31037273 55449823 98008013
27516810 -33485209 32154855 79743107
55411998 19393559 56954567 63324594
-14541392 -12880764 29980564 78838599
46968550 7535655 51855378 61639553
70025528 20807555 41457241 61026646
-28652839 12263497 74987454 92229296
32731992 36530711 -2033775 70444142
55487601 21991486 -163838 84555898
31259821 -43259493 48159801 93030401
25869092 214927895 59721074 78686911
22939797 -5318942 62236576 60846752
45044835 10361965 53555048 58589255
7312156 50928633 3507279 69757935
66601085 37084667 42282141 64571021
44103595 48085358 27601945 63734974
20757895 9332611 70140726 51917383
17255175 23505709 48591350 52556493
34204734 50720478 47632855 51161073
63310635 12484167 72898363 94076218
42095311 -12729524 49246327 74422608
23600688 11393590 27752352 85656155
43561091 16761812 79647221 76797913
-37827061 6587875 41940022 74031696
81899135 16428388 41486108 77308649
32700836 23818977 44867538 85311161
48544745 -10619110 54387694 83903419
52482603 21093904 80790445 82530515
26937619 3708414 76725107 70305633
69417694 7367606 41456884 73858312
32425626 19773995 101654711 84657930
58870657 -14622676 54515882 98360598
44191304 -26679116 56530468 97752223
-63235726 12816446 45504907 96777137
16774889 24563405 93756862 56319735
26207848 -29751253 53016170 79326615
46558838 11782613 49220410 54347985
-31648372 14993086 59214709 76722368
24656547 -5787425 31387017 49953109
73586821 35053481 21337633 86450346
-22120175 22751038 67877766 68099262
42280657 18520527 4147097 70509123
49333361 -1540068 44017752 65242599
10971161 11112018 54296462 84065379
-62892610 33710468 43536080 89243377
53739972 60256238 44561879 77161203
-37565730 19427612 43619818 62610331
50891504 23295965 74142425 72089684
50462279 4996980 62507037 78323630
67147274 2952115 50124674 84671211
76029904 28609900 42086440 65329450
26166970 7267321 14025382 55770303
22795784 22112580 48043032 72291409
65447237 18723926 19291275 78328034
54589405 11257678 55174743 68857900
55888497 43879109 43182667 61553292
94678817 15072673 48418102 98375589
65585693 66694570 44672787 95556059
74675814 17646664 50370540 77751047
4286894 -47501099 54017865 98084508
-19726239 -17198860 43782295 81559805
44117222 38832598 69889295 71442155
73796459 21160612 70867334 93854656
46982441 3877780 34100012 59900780
45479455 36833233 55596684 56512390
53219929 11200864 60666330 73036683
-27198176 23073299 52492886 57470109
59984863 -15140705 34609050 91412516
51007136 43573056 14026522 79701585
93137842 24005723 173285122 67268487
27670107 90476359 53048439 89798784
31460962 -23791193 51026846 76630323
24288602 4771472 104397941 94266404
39248933 -8355330 22966093 75534129
29849663 -29276020 61236601 90713876
32869064 4174341 51046714 50092820
33348795 54076059 67517771 73545644
17378435 -9981819 59399014 57110741
42716860 4443147 84398449 93023456
58752516 45475543 47889738 70720826
77374755 15163472 56649036 89211957
-30246590 17023050 42319646 56395556
43574238 5726896 15951061 72792317
67073214 17664186 61000779 80761492
29136573 -9185915 47605826 56279620
55952585 31511543 46754460 52821592
2271783 -26559264 52390404 77530234
40818055 20208945 105435567 96396004
-55700933 34095844 50961350 89862191
-12839098 2244945 6734139 85257273
12309816 23353515 32209434 66165806
21686658 21845499 94216666 64409558
20368810 85736573 69755305 94464246
31660688 20503529 76744656 58253096
29874937 32006785 28885905 81396955
85700009 22565205 32351557 81679187
83573705 87032416 132459587 58407018
79313108 22862985 48279299 75080703
29061572 20673644 43261773 96788781
71578482 51030622 42670183 83882320
44346868 10438163 64338929 68598929
12129696 -53577979 54865877 97166697
42023045 5358964 707110 86853075
-34302598 24396079 51241911 62001654
3287646 -6581657 46727450 50873801
40236195 81376676 26052594 94708056
-53867069 23832838 50009142 80895726
18207158 -4778003 56407169 49743810
86286947 24196194 34941590 78045105
35014938 5953007 64057086 63470697
26877373 10663763 71626397 58191376
39828831 -22200984 14048014 98877777
51829425 17272682 66747548 71655971
40485241 -9216257 55117644 75170648
34494804 14443097 70866872 61269936
33621390 -24162404 60912134 89047280
65560378 21756629 72074201 86229245
-15309259 -24051297 30506382 90251558
66861786 16747568 11126083 89884331
64539183 12028430 17658730 85747987
40667354 -24207055 33241200 82529364
51784510 37500127 57340797 65228461
71270092 15585978 9049072 97531037
-16994019 13869912 49957328 53933967
21714462 24778084 45244048 65433603
22302397 28419419 43892392 49878293
22884551 61966781 48376764 51831101
25016016 5181129 99361308 89547483
90706255 17064791 43294210 87286998
36063414 -11161996 52929273 70506121
81166023 20712303 44561889 75366947
66136070 40169584 41367134 66275794
41272740 24806916 64595784 51413626
69339387 22671280 46451798 63471316
34370364 14951932 88366252 78135974
8995076 327562 61466678 52996617
-14490534 -24566680 44141496 84051112
-18290449 9939385 21155794 68592410
107146974 23858412 37150522 97034420
89793544 21842636 44184143 82486532
81867185 21592726 66990849 97616872
25663019 -6251788 64708937 66975028
72316332 -7222169 43692708 93582490
55500376 24727591 51709018 52833116
43217977 4870861 54802867 63501279
60681581 50802113 65879931 95966656
36540996 -4728586 47343281 58964244
74905791 16173752 54953493 84037004
44900920 24784838 79599435 70066816
44094032 -17063466 55567011 87075822
29069418 -21512833 48495263 69428825
24344306 -23486769 42302485 60484962
94231240 22110440 35818328 87198797
65565675 30517856 52096670 66784049
-65912939 24862584 44928127 86830818
-1688165 43658915 73482597 67933795
19390028 33159997 44533571 62449551
73179047 23064165 44825757 65291969
2430806 -13070395 58691710 70183732
-39565391 23710833 44152627 60859635
-29635504 7700565 60139928 82927328
26739496 22859129 80140821 54372474
34670224 22946943 37385843 58603574
-34636553 10032189 51903207 77360054
17685366 35673449 35003118 50191520
23204107 -4516267 76674322 74746225
21499468 -42870683 41342147 76064082
37652175 -46152604 42281266 96437412
19968316 -15860193 69906347 76086150
24538002 50012865 69433385 62587659
34112903 40686240 67018183 60420381
72854016 10548761 60862415 93519029
101901468 32752239 45285391 98542347
74906398 8149401 51230579 88338915
-50201946 17645528 46565826 79974585
45884436 61213101 41453628 67154266
62600738 53913821 52500937 87618644
25616174 -33001329 44643382 73612174
82000275 24706154 57598352 85244148
41412174 -24502850 51403128 87669489
-1097327 64547475 54810057 69558967
63301652 13106300 49166802 69713434
18267796 24299955 114478261 78797423
27306772 30216886 45012009 85452833
48225273 18167428 60873915 61283271
75856796 28793648 30323828 73474319
23349227 53183267 60769360 55904864
73626610 24804924 48617698 67790929
60168744 9405347 48966087 70080864
46755254 -15115009 37805664 74960701
42634112 6300897 55188243 61873140
-31901343 18607076 32630952 62060339
30635102 -567878 85469422 87023836
10123354 30697454 36391245 59309620
65875849 20948505 63850534 79129279
48293325 -10735436 48435535 77815594
36600248 21819292 50596789 94670879
31756822 24614249 42059130 56468983
19543748 -618901 69927153 60441387
38579020 71684105 37343319 72067788
24437727 -19657167 14544020 80447037
69090927 28901146 46723377 63318738
35724612 -19186748 44319881 69582541
22949868 15301466 90922528 68922502
51864478 19263212 47827160 50779782
22886131 24196897 124043940 93084552
6832257 63194928 53924960 59391696
45978901 52176856 41795806 58554831
208593535 11049465 26318358 55299157
44897853 -17833981 26094528 87533301
9242723 16598533 52674618 59363019
50226604 18837520 24821804 57463311
-12129027 47844013 41296301 50373613
33663463 -14007648 61159945 79182488
-31012866 33097136 37794175 55964604
65383574 19539565 80996789 97192242
31476573 -10147754 64497546 76473686
64239159 9195168 50264300 75659650
45118612 17248733 -8250200 87016039
54944085 20836369 46171599 50630613
-39276411 16273704 53429203 77284292
24144366 -2130533 61645868 58272403
45929171 32746053 70064495 67343325
-3308951 -13674719 74592930 92428970
66192790 19141863 50011767 67414032
62672518 23900844 81938086 91061170
86211582 19932060 43147975 79779013
66560331 4821170 59762684 91853135
82325558 23250848 50827114 80253247
23550824 -7685397 69013250 70600780
61822763 5998189 13223012 93497513
81248149 33310448 53796878 86958563
53836632 -5374897 64646876 94210090
52707675 43315374 62041286 76667548
617156 -12422241 81771028 94428462
23218858 -23447803 54436199 71454160
75685351 11236562 51999776 86799846
31053128 -4139460 80109661 85653801
67435189 20933178 29358246 68039792
25911754 21484366 83214397 57993072
20662529 -16313379 74803503 82130880
68244109 -4116077 54382150 97093676
-19300609 35275752 64602462 68282919
-11760252 18826531 93986121 87772433
82409668 9141613 43643253 87262590
58449032 43649102 44959539 65660729
44167957 -4122262 78037699 96679434
-51754488 14592403 41922362 79936946
65373677 12653360 49757439 72829046
97361880 26997564 46433674 89396734
26395731 14452498 69372364 51666897
42995825 -5803259 67011110 86161641
-55031231 24420071 41988502 73452102
47490648 52871914 16599068 82911166
93404769 28829486 41688257 82525586
27064436 18335271 35513588 60461824
74246673 10167604 38376990 76598156
-38042094 3751503 59700626 94843560
30364618 10214745 41909225 86601452
12548669 11123129 86515989 63696604
64648876 14020096 70486659 91466722
47935802 -13271383 43415956 74974523
50631446 -5315376 53711735 80009847
49623002 -1033884 58486169 79494354
19667896 -29192709 43249235 62461120
16300066 34385578 54852567 74733987
31205414 -5553051 88619913 95729695
-787092 15400759 2367093 64416236
188777883 -16832649 42186582 94606017
66035190 21894527 31946360 63090301
17051803 -13863058 73247420 74513577
5337617 33420684 86567778 63754983
93729719 8200285 42949078 98829866
19939434 31353992 47879972 52758056
54054218 22503149 30861023 51585987
28666613 13224974 79541330 65334301
22629547 -30567370 69834514 93382722
5575642 2278182 94450338 87448874
-53968174 27830462 41712038 72614750
-21059063 10139870 64187445 75959013
61951470 12522589 48442703 68223006
86716533 11931874 46652033 91787976
-29506464 -25377637 43052580 98789188
56916215 12838665 42835147 57263987
-74512004 21402329 44708123 98670146
35901035 -6124017 37863593 55057461
110165122 22856857 41593117 99252788
39401324 19097539 87443111 78098199
33952170 37585365 88012417 78153063
21836474 13542193 86052327 64697904
93357462 31269920 52340018 95570427
40942670 7535097 17708764 66595147
-61262021 15252478 48856219 95718290
64412388 22447815 41516820 53832897
43854478 24213058 70540507 60533313
-54045826 34352543 58304527 95807403
-11679300 65256153 44073012 70112658
75657217 19191896 45450267 72266946
47759756 16954958 49819423 50975550
28400061 -8594124 90835453 98180943
75741316 18672160 21207441 86757826
33689668 22326885 39220360 63787391
54709895 16497615 41283875 49847438
88189788 36705604 43019820 86518249
21057069 38129752 76925498 54715385
8417689 -3514013 25851006 50642672
-31833062 57901101 35965780 83417312
36676431 6971496 89064457 89121255
24064611 -5279351 91939725 91634975
52655992 -14625186 32467319 85710007
43670390 56153315 53562226 71988950
9052083 14925417 95141987 72017121
71610474 3057854 46461756 85365686
20191235 -34596625 62663726 87803062
39179877 -42382159 42315436 94229169
-43307524 13665169 27812831 83226524
76392097 17570294 55081116 84254246
49372107 16590721 2559722 81117634
23601173 -38970067 61673180 94595710
95429712 -63824070 79724695 99186813
70350750 20977474 48775202 68499762
62987713 -14246575 45649261 93234878
50097764 9339915 34314806 57339262
62164352 2125236 41808436 72199213
7506458 -55402261 34880311 94412804
19783564 -13691997 59858349 63685213
-16811454 5918179 59375406 71121440
52035257 13563795 51976920 60799896
65422848 15895491 44859208 64737922
49795317 24597392 15585979 60507959
17948805 24148931 103998526 68149862
58961061 22046447 47551662 54817562
-36236341 23973073 52917785 66033396
84184386 23088938 44707901 76154643
64218860 -2069292 44742115 81382247
174616100 -20084133 47753973 60729199
22921268 9584876 42226129 55191120
55193101 37838103 48496954 60131193
3671840 -32245124 18505170 91465112
76804787 806370 46444567 92794279
13658710 73277163 75284525 84007046
47730251 -456959 78074939 96613451
37413441 11797638 77231135 73198234
-28109531 -7409343 45194380 81565597
34975569 42520331 88188335 84287364
-17264 4386372 95502001 91985241
40495679 57614129 59497665 76210487
25969986 -19275661 57905903 73502975
37770653 17874696 69416741 59664130
37381317 17250620 62597642 53079980
70511173 22166484 42122302 60818278
-4641325 -22731431 52979952 81205321
86207693 29274822 42974016 77059783
19998950 24832306 125158504 90676818
49990486 22921171 58139130 55559725
81068539 14419701 44011870 81012879
32692120 -45473308 48504464 97021227
-36660507 23506695 54728647 68735249
58893160 -6954321 50764501 86963318
19432046 -518307 106045856 96347599
-17012821 28808010 69030627 63955730
95028613 20422063 47855568 92813400
78490627 48342 43883752 92677318
-20052410 17181764 46430132 50153248
74146863 21929485 42817757 65386591
-47004076 21268671 38914423 68218175
60048180 11426423 53653472 72626510
26285667 -2569911 99124571 98331435
26862181 -26601488 30902496 73457255
45450513 18999078 56615955 53418678
70724373 -3641252 38243837 87017729
34642149 16612626 87966605 76347454
26977779 34103197 43259210 59154821
35533899 -12726906 78718176 97330299
77835106 7559932 41306432 81932946
66969414 47083688 37607508 75593349
56243304 -14355271 26481818 95012949
18089170 18350718 851089 49783610
20340354 84493002 49025837 72462382
-46526414 16242034 62773084 93909801
26092277 43914213 108419744 97029383
36853244 476967 47065500 53793102
16655945 5244417 106548681 88311533
32203239 22802629 88066265 67818286
-13837958 28276023 70791567 62009664
47076121 4868171 48296597 60855973
51706525 36363464 31670686 55547253
23063978 14647532 79065169 57833179
-35206248 16255142 44635379 64438856
54143251 -7180628 18376585 93843262
71626337 661688 44441919 85757851
33594519 23133901 75867591 56679602
17456644 3797785 -10463598 75018527
65240610 20652989 50581549 65520463
40517362 39755982 73920375 72796907
59554097 17967782 53995322 65932968
84145832 29049897 52299722 84098632
76652303 29461479 55174801 79891599
70692660 18854036 47479563 69669764
55758211 22072529 -8599675 93181314
-4511440 8535533 53238343 50066679
68476758 6449844 51633710 84011990
221828288 21594874 45799375 74348033
-2137424 77152006 36965298 71972931
82757641 6178480 41907274 88837717
85705973 32455128 44838701 81602879
481789 31379908 108360433 88363035
55924683 11828707 45210411 59657708
29052701 -14682997 73389527 87476513
48400835 13117097 58472795 64107831
-43595187 20395793 56787611 80839370
62994927 21899904 42007704 53454176
-5483678 24145191 100296369 82487270
-7477033 7240836 12668475 68965599
-20762026 20290248 60493437 61817592
2620209 13815596 100377378 84794099
-24717061 17207413 43511909 51873913
74055629 36786070 17405913 92583456
48005809 3066046 44918996 60210088
18413125 -8778330 68739619 66282357
49268888 12331260 53353734 60642877
-15533557 -15417401 44001354 75804714
35759051 -4957621 47565064 58633099
20052318 48585680 79175120 66416122
-24657963 16571485 15606871 73876646
70964652 18863553 35814135 67183002
65428347 23668040 46876842 58988506
44524655 42568085 54834884 60530658
74102750 20278124 46046016 70221953
33206682 29261835 73792168 54863689
80718593 20119661 58466258 89416777
48191930 -18195109 22463014 94820004
61250555 20620993 53682067 64662923
44643812 -11529787 62391651 88916892
53929176 14190289 41286259 51376570
99813686 30299249 43142453 91858393
-66141278 19691432 47079673 94381928
26834789 321205 62063618 58928632
-33765621 12489153 49210288 71339632
63459421 23528151 41994050 52276601
68979740 27577228 50101230 65261371
-128783590 13476501 104006444 89402831
49412776 22524107 22306067 55478620
92062402 16796822 45575741 91192807
37464651 15425032 72358996 64749901
-407056 50662136 6596362 74121584
86112145 28814729 38593021 75481553
46151569 8467668 48682762 56718056
90079778 19141723 55176515 96466079
72996124 22505457 52624075 73466055
45251757 9744632 31070897 55332372
21441064 -37982206 68805691 98580282
23547961 58527570 50413534 51092443
49026784 5135995 50077350 64319733
17589373 -44813163 15107183 98191304
17431246 -28330033 58270229 74382893
14162788 3826237 -31702504 95110520
-10676260 9254017 62756547 65031130
53571566 -21824382 47145395 92892623
45462025 12914499 52331438 55230810
31085843 13358591 62672816 50751495
76340182 14299650 28712186 84225234
29657716 27578922 46730194 80619104
-47489513 47495973 49633080 93722682
45775916 6992576 75215167 84349787
2418172 60639297 52452987 59778279
-38392638 23607220 77181395 92819234
47645854 -13493616 14111042 97924720
-23140204 60092717 21474703 91407045
94150831 19722552 33514349 91810142
11864428 23009366 47114620 92433843
54718612 -22332543 37870844 90076823
20618291 27067022 62059190 94738590
40718674 23827254 101115420 88358420
32836372 1202522 56976350 58961481
52506092 28490662 50565183 50165025
-56400796 20781068 43910467 80382556
77498486 28869056 45609413 70580111
39456032 -18666076 51131350 79604778
64004946 16745941 15253795 82901174
87834339 8525079 43328200 92988790
79895879 23225718 48460726 75482444
26706005 -2020211 69178771 68256430
-18310853 10927282 54295338 62531346
21325005 18129121 45153105 86973585
68636554 32439256 48351897 68030874
58150999 -7827283 50339807 86669388
18294829 16892399 -6101854 58400227
-3619869 12270145 67861676 60063888
75052298 6145654 54142417 93400372
42309086 5208263 37611538 50385251
44264390 449319 56281937 70448780
69580073 36134719 51157771 75475673
21216884 20693019 108650495 79525640
430977 75811342 35057258 69972499
34081354 -22308976 67668198 94410483
16751902 22531565 -14549161 59665443
20327061 -25799713 34024241 62998595
20113993 68892720 70405573 78015300
40395402 20256228 41823422 52413106
41653565 76605016 48529503 85391226
-44774475 27920676 49402228 71201450
21869162 46241317 92476783 79190433
-12793207 45786039 88006902 95690278
38332305 -14737792 49099707 72521274
77149060 17733098 42107931 71875173
27381486 -23748530 53728426 75209898
62049948 9604470 44628141 67424993
-35550364 43350190 47945228 75949912
84656534 24021059 50024336 81011210
34668088 21801313 98624443 81842654
60857643 -2291024 59568117 93068267
23707012 -13184160 57222730 64465212
53057476 -5087504 37970141 71070794
88254921 22789817 36587232 79773949
43763379 -37772852 45686266 97573790
-5846343 10896120 97352936 93155704
57802713 -15882907 54241780 98278702
42531334 57782527 48448700 67365565
39365491 28818813 83372823 70160373
55880503 21760141 47031914 51503559
66882557 22256901 42198444 57175801
-26888193 19659863 49434939 57515638
60313487 31492653 53155786 63564958
40559814 7005460 88571097 92476757
59748783 28676096 77616367 84644300
53339701 22506840 56645522 57829903
85846402 21878838 35438266 79425299
65644073 23513203 48994413 61476828
21969495 15544840 85482409 62258468
38429892 7694862 79239293 80325812
-40655103 19012094 66822541 89317899
97298171 16719862 42667160 93596784
-37446247 22961194 7416185 88465912
61521562 23437702 70557871 78993019
74042714 30666745 29354034 74503450
18987075 16291674 51147435 60147662
152358822 8645759 91123787 79733943
27733732 7541231 61721584 52265605
46214630 16661944 56846783 56751447
58623910 17401267 48642141 60216135
-14272169 29609275 64596886 57582462
59278543 21001274 45981635 54610422
46137281 16125671 77270653 77633871
48843550 45459955 84835518 97742186
60078594 18904143 42425352 53951090
-35718445 50357671 42190867 77371063
25294377 6315346 73546040 62876471
17172927 12621672 1652890 53794824
94351859 18287502 49051874 95467618
105643524 24430397 47538925 99103340
-728438 -4361747 82705537 88648169
33373573 14362744 92505162 81867460
32938402 11728910 71294068 62854843
37662600 -9098362 30947712 66709295
34770169 4961577 89978360 90138387
39492686 11885398 68529840 66488463
43741103 2010032 58632451 70714817
-11750705 6983309 34349259 51815184
71219932 22755317 47769586 66585489
-63369495 21312417 42996067 85905497
56375260 18625465 47867129 55968208
46997663 -4263406 65197624 86809977
52749781 2495631 23164644 77985532
28392514 -6971190 48546266 54261816
37852429 -25216297 58738929 92159391
39786999 -10492358 59802282 80433168
-13049606 13797713 51940789 52045022
47434209 23000605 59185262 53970551
68525600 -138491 54850868 93866319
30659584 23458695 96045509 73598188
34441965 17300186 79632944 67126589
28139599 40956662 41514871 60457930
51153637 9745697 63359883 75119187
48417775 5491878 56113145 69390517
50227144 8398816 47765965 59945576
47429606 -1392839 21069234 78649207
41811297 14902154 69305421 66565866
99290158 20780977 42752885 91613516
42129840 638328 51965187 63807979
40250587 16483722 83367299 77485503
81252060 15688781 23247238 93211994
63747079 14605749 51619539 71112160
33529952 58270800 58807700 69211581
94890432 27291890 46450004 87235363
45504472 22137014 65090301 58809085
175336148 13463835 82300864 70667452
18472409 18872802 90305818 60256795
27840462 -16358829 51686370 66237128
37490212 10547250 71792237 69086486
73651657 24400875 22854874 77291932
27107900 21188939 111340172 87610461
16363942 10858527 32336899 78713773
103745279 -49385667 79141251 61565696
23389431 23522980 98480579 68698314
-19188486 22072512 55991358 53959870
26765270 19055150 84303167 62364586
-5748426 -16859347 46322734 69783020
87974033 22405374 62632283 98552273
58878516 16066403 43190531 56353959
17631940 5390392 67560402 50153404
75996872 20415526 48426073 74358699
41344921 -11883462 32680941 71443477
4610063 9838935 102068562 88471936
23775013 88520928 63888723 94787833
89211056 20560619 44489124 83490955
-51865184 23649305 44863504 73931758
33639054 50620374 92367398 95229860
24368362 17397573 36701420 80445714
51277559 19269291 86101378 88460927
22450132 23509119 108484981 77777302
-4882533 -5863943 35372279 56771238
39787806 15121750 82310344 77327762
73297187 28157044 42723353 62780606
32439042 21075113 77534046 59249509
68314146 23089756 65444668 81020435
25834346 23073986 -16482933 70139349
-42825418 22672354 44112949 65118350
45754632 -9889445 48906428 74901789
3810427 31143736 46447492 93001208
29625200 -15712516 66620653 82309655
64179496 -9097186 32649852 91522828
93891375 21079101 38902822 84805408
-37155415 10632197 68858467 96234037
11009154 10597942 -2318121 62108181
-45414785 18827414 41814853 69254592
72489631 21012050 33938092 68435436
51214394 15997724 11189269 74923480
130995861 -36823412 83463356 95109586
67475460 21169621 30285554 66916332
17323673 68685275 92168767 96780729
45269501 37106697 53561224 54540499
61646758 23905824 48540749 56632974
53311866 11632359 44985644 57016690
38325382 -28091681 38215229 79097857
34318160 24728218 25156678 82107313
56112299 -10504204 47651476 84619268
37818715 24865257 71504084 54808848
19392008 -35478672 35857905 69909007
201946812 32186540 12146601 75328028
47901953 14633328 52072130 55692211
-34012779 36189350 41440878 60747322
18546556 -23286675 45367299 57551854
60979922 20541612 45322114 56111704
-18347601 4252419 5755618 89736560
31478944 -25076035 52540733 79447065
22340477 -25302865 61529031 79524155
19474508 60004579 28539621 50087206
55000175 16153716 58570554 67768294
37145948 19521043 18314323 50206594
43921884 4657900 49089568 58705179
75166458 16048245 59150788 88620509
61840302 37977801 53545366 71966522
55323388 51612297 29810514 76273475
-3259962 -24684832 44507324 73304869
51464536 17958660 32054420 52347534
19995552 54541143 72571982 65711813
8569680 -8086 61675601 53966572
24709637 -3161810 85904148 84126983
34119082 23815626 36295220 92813399
48922868 2054676 22287550 75476620
161727324 3740192 74367248 64243480
25966877 -13498085 69150338 78966609
77847124 7523224 44486632 85161839
10633877 -2321957 64399214 56940073
12768142 21414757 46427960 97224885
77428864 12980783 51690499 86489924
69151619 10838184 43142175 71806908
21095654 -15964549 43219249 50630861
33029041 29830993 91667311 73130380
47156617 16329739 52166569 53344813
-3098462 -21365092 43480404 68796305
17636469 62851372 14453430 65182090
52531616 14496559 90412606 98799003
50826274 -6820313 52346383 80344766
-16740429 -924632 48124803 66642223
50262360 18061085 77539990 80092673
31571577 -10728793 34029419 59167000
65909808 20032613 45338257 61567002
9726633 -27422896 43317176 61865786
103638190 22920809 45878646 96947351
18366668 -22299848 42133333 53151359
20130662 -9026335 53204049 52712742
23145202 56599937 66553517 64901944
47563684 6001355 43093613 55007225
26530378 -30264256 65789878 92936013
42958410 20141337 22512732 51200450
38457650 -32239600 57648712 98697252
52949987 14108805 27984646 61752778
37519726 -11656455 28956189 71116022
53013087 73108369 30041266 95228046
87651316 38371737 50551141 95177297
-48801324 9711229 49849745 89792234
30909212 -6788078 64806357 72854974
55103952 23718679 78056077 79792693
81558894 16473383 56890444 92327281
-35677121 21362681 45633755 60800540
47781727 78466337 51608305 96459543
67173768 22063676 61734189 77196289
28600570 62264860 52363826 61832422
-16873581 -4279973 46227194 68233097
48128855 12001409 69590877 76069932
3970778 16725836 103187042 83342764
-3902795 -16226599 73717169 94698904
69143773 21219270 49278858 67554968
25455135 -25465662 42822008 64094214
88817272 24843336 55383440 89708720
